0.7401966438546642 0.4251481607047475
0.4132086401384163 0.6307698227832498
0.7919260294087341 0.31737209937358885
0.528686646986261 0.5503431500346007
0.5218935327184105 0.5745576497063503
0.5013871126340754 0.8194941617506019
0.47203378618841363 0.5649391848874379
0.3440906540558695 0.26868815451948175
0.8020773712760124 0.6732488995767592
0.6337506896316153 0.4663189606734987
0.30222595508732075 0.29149549372194555
0.33362821901186684 0.30033362735356695
0.1537925083460829 0.701817431303771
0.15379250834606953 0.7018174313037578
0.5576757142071436 0.20090717694420693
0.589018981116466 0.22110594048414844
0.6076232966490512 0.1953945085828002
0.6205597341584083 0.19251935748253998
0.5676929670656883 0.24058909054104827
0.6144601859020644 0.18195632380827145
0.5170849269442448 0.2045737257848147
0.5089347909981817 0.26894779694601056
0.37188283274499395 0.36263781204686574
0.37188283274499395 0.36263781204686574
0.19961525215093404 0.5158795423766249
0.1996152521509341 0.515879542376625
0.7254460019835881 0.321384407840732
0.7254460019835881 0.321384407840732
0.5638471168093376 0.25855525253165673
0.5638471168093376 0.2585552525316568
0.6285524371356251 0.21933362236736523
0.6061241940134805 0.24517549457116072
0.6068457430919222 0.25896717741115083
0.6068457430919222 0.25896717741115083
0.6497181537480212 0.30120666724165374
0.6497181537480212 0.30120666724165374
0.6002440351196155 0.5270533499638883
0.6339486413231571 0.2266712922106344
0.6103150737339004 0.2230853299097253
0.6103150737339004 0.22308532990972532
0.5149599076147102 0.25840698197787304
0.5921398859673406 0.284247674772666
0.8115227828834837 0.36432832476371263
0.8115227828834837 0.3643283247637126
0.6020157106662632 0.23453035277151735
0.6023647708929298 0.228025125038337
0.5964248550503943 0.27035315936301146
0.5964248550503943 0.27035315936301146
0.6080451991385076 0.1316059916247902
0.6080451991385075 0.1316059916247903
0.9679593821421318 0.29230138683982576
0.9679593821421318 0.29230138683982576
0.9679593821421318 0.29230138683982576
0.5464858072187099 0.2181324559071599
0.5438875818759655 0.21196696408147814
0.5464858072187099 0.21813245590715993
0.5438875818759653 0.2119669640814782
0.528428538948542 0.29397251034931193
0.5218962035701311 0.30539486618082845
0.5284285389485419 0.2939725103493119
0.5218962035701312 0.30539486618082845
0.528428538948542 0.29397251034931193
0.5218962035701311 0.3053948661808285
0.528428538948542 0.29397251034931193
0.5218962035701312 0.3053948661808285
0.28813815179861263 0.3016654680594864
0.30185239448972684 0.30499306779680885
0.28813815179861263 0.3016654680594864
0.30185239448972734 0.30499306779680924
0.28813815179861246 0.30166546805948624
0.301852394489727 0.30499306779680896
0.2881381517986127 0.30166546805948635
0.30185239448972695 0.30499306779680896
0.2897330502029801 0.29300071768525404
0.3035847729397729 0.2954697264447683
0.2897330502029802 0.2930007176852541
0.3035847729397729 0.2954697264447685
0.28813815179861263 0.30166546805948635
0.301852394489727 0.30499306779680896
0.28813815179861274 0.3016654680594864
0.3018523944897268 0.30499306779680885
0.2881381517986127 0.30166546805948635
0.301852394489727 0.30499306779680896
0.2881381517986127 0.30166546805948635
0.3018523944897268 0.30499306779680885
0.9307349186544798 0.4064484631273987
0.9307349186544798 0.4064484631273987
0.28973305020298024 0.29300071768525426
0.3035847729397725 0.29546972644476815
0.2897330502029804 0.29300071768525426
0.30358477293977276 0.2954697264447683
0.2921105488963802 0.33647892215920294
0.2975544491380138 0.3350626931430763
0.2921105488963803 0.336478922159203
0.2975544491380136 0.3350626931430761
0.28973305020298057 0.29300071768525443
0.30358477293977276 0.29546972644476827
0.28973305020298024 0.2930007176852541
0.313273823201535 0.29228359250277186
0.2881381517986128 0.30166546805948646
0.3018523944897272 0.3049930677968091
0.2881381517986128 0.30166546805948646
0.3018523944897268 0.30499306779680885
0.2881381517986128 0.3016654680594864
0.30185239448972695 0.30499306779680896
0.2881381517986125 0.3016654680594863
0.30185239448972706 0.30499306779680896
0.2881381517986126 0.30166546805948635
0.3018523944897267 0.3049930677968088
0.28813815179861246 0.30166546805948624
0.3018523944897267 0.30499306779680885
0.2903611409640057 0.3419013383450869
0.295265706213338 0.34042482848016054
0.29036114096400584 0.3419013383450868
0.295265706213338 0.3404248284801604
0.28813815179861246 0.30166546805948624
0.3018523944897268 0.30499306779680885
0.2881381517986126 0.30166546805948635
0.3018523944897267 0.3049930677968088
0.9307349186544797 0.4064484631273985
0.9664649118955488 0.29573828186034257
0.952324038905031 0.2969131721430398
0.9625972150667487 0.29797122563087025
0.9590419890738445 0.28729753943193914
0.5464858072187094 0.21813245590716063
0.543887581875965 0.21196696408147842
0.5464858072187094 0.21813245590716063
0.5438875818759649 0.21196696408147842
0.5284285389485425 0.29397251034931127
0.5218962035701314 0.30539486618082823
0.5284285389485425 0.2939725103493113
0.5218962035701314 0.30539486618082823
0.2881381517986124 0.30166546805948624
0.3018523944897268 0.30499306779680885
0.2881381517986124 0.30166546805948624
0.3018523944897268 0.30499306779680885
0.29036114096400584 0.341901338345087
0.295265706213338 0.3404248284801604
0.29036114096400606 0.341901338345087
0.29526570621333786 0.3404248284801604
0.28813815179861246 0.30166546805948624
0.3018523944897268 0.30499306779680885
0.28813815179861246 0.30166546805948624
0.30185239448972667 0.30499306779680874
0.2903611409640063 0.34190133834508724
0.29526570621333786 0.34042482848016037
0.29036114096400634 0.34190133834508724
0.29526570621333775 0.34042482848016037
0.9307349186544798 0.4064484631273983
0.9307349186544798 0.4064484631273983
0.9679593821421328 0.29230138683982715
0.9679593821421328 0.29230138683982715
0.9679593821421328 0.29230138683982715
0.9253495221675546 0.40502190348279404
0.9253495221675546 0.40502190348279404
0.5284285389485424 0.2939725103493114
0.5218962035701316 0.3053948661808281
0.5284285389485424 0.2939725103493114
0.5218962035701314 0.30539486618082823
0.30711099719165985 0.22002710551724594
0.31022288816722127 0.20533594434585808
0.3071109971916598 0.22002710551724594
0.3102228881672212 0.20533594434585795
0.2850632519436879 0.30813986428404877
0.29856008670711076 0.3117408922852991
0.2850632519436879 0.3081398642840487
0.29856008670711065 0.3117408922852991
0.28506325194368803 0.3081398642840489
0.29856008670711076 0.31174089228529916
0.2850632519436881 0.3081398642840489
0.29856008670711076 0.3117408922852991
0.28506325194368803 0.3081398642840489
0.2985600867071107 0.3117408922852991
0.285063251943688 0.3081398642840489
0.29856008670711076 0.3117408922852991
0.2850632519436881 0.30813986428404877
0.2985600867071107 0.3117408922852991
0.2850632519436881 0.3081398642840489
0.2985600867071106 0.31174089228529894
0.28675855327273353 0.3455311823396961
0.29046233979987024 0.3443492544977554
0.2867585532727336 0.34553118233969615
0.2904623397998702 0.3443492544977553
0.9410606087805874 0.5191911479359113
0.9410606087805874 0.5191911479359113
0.8371084813039823 0.49144972034249307
0.8371084813039823 0.49144972034249307
0.8371084813039823 0.49144972034249307
0.8371084813039823 0.49144972034249307
0.8371084813039823 0.49144972034249307
0.8371084813039823 0.49144972034249307
0.8371084813039823 0.49144972034249307
0.8371084813039823 0.49144972034249307
0.8371084813039823 0.49144972034249307
0.8371084813039823 0.49144972034249307
0.8371084813039823 0.49144972034249307
0.8371084813039823 0.49144972034249307
0.8371084813039823 0.49144972034249307
0.8371084813039823 0.49144972034249307
0.8371084813039823 0.49144972034249307
0.8371084813039823 0.49144972034249307
0.8303773373638328 0.5654070040316804
0.8267332299332094 0.5678093579385675
0.8267332299332094 0.5678093579385675
0.8267332299332094 0.5678093579385675
0.8267332299332094 0.5678093579385675
0.8267332299332094 0.5678093579385675
0.8267332299332094 0.5678093579385675
0.2604603743010797 0.42579588285392017
0.2637713725617343 0.432018466435811
0.2655328849306654 0.4289692611621019
0.26377137256173416 0.43201846643581093
0.2655328849306654 0.4289692611621019
0.2637713725617343 0.43201846643581093
0.265532884930666 0.42896926116210177
0.2637713725617343 0.43201846643581093
0.2655328849306656 0.4289692611621021
0.2637713725617344 0.43201846643581093
0.2637713725617344 0.43201846643581093
0.2637713725617344 0.43201846643581093
0.2637713725617344 0.43201846643581093
0.2637713725617344 0.43201846643581093
0.2637713725617344 0.43201846643581093
0.2637713725617344 0.43201846643581093
0.2637713725617344 0.43201846643581093
0.2386219752005756 0.6574466588682
0.2483099131386493 0.6379862154436587
0.23862197520057601 0.6574466588681995
0.24830991313864934 0.6379862154436587
0.2386219752005758 0.6574466588681999
0.2483099131386495 0.6379862154436585
0.2386219752005757 0.6574466588681999
0.24830991313864936 0.6379862154436587
0.2386219752005757 0.6574466588681999
0.2483099131386495 0.6379862154436585
0.23862197520057576 0.6574466588681999
0.24830991313864945 0.6379862154436585
0.2386219752005758 0.6574466588681996
0.24830991313864928 0.6379862154436587
0.2386219752005757 0.6574466588681999
0.24830991313864934 0.6379862154436587
0.23862197520057576 0.6574466588681999
0.24830991313864942 0.6379862154436587
0.23862197520057568 0.6574466588681999
0.24830991313864934 0.6379862154436587
0.23862197520057568 0.6574466588681999
0.24830991313864936 0.6379862154436587
0.23862197520057565 0.6574466588682
0.2483099131386493 0.6379862154436587
0.23862197520057563 0.6574466588682
0.24830991313864936 0.6379862154436587
0.23862197520057563 0.6574466588682
0.24830991313864934 0.6379862154436587
0.2386219752005756 0.6574466588682
0.24830991313864942 0.6379862154436587
0.23862197520057563 0.6574466588682
0.24830991313864936 0.6379862154436587
0.23862197520057551 0.6574466588682001
0.24830991313864934 0.6379862154436589
0.2386219752005756 0.6574466588682001
0.24830991313864934 0.6379862154436589
0.2386219752005756 0.6574466588682001
0.24830991313864936 0.6379862154436589
0.2386219752005755 0.6574466588682002
0.24830991313864934 0.6379862154436589
0.2637713725617346 0.4320184664358112
0.2637713725617346 0.4320184664358112
0.2637713725617346 0.4320184664358112
0.2637713725617346 0.4320184664358112
0.2637713725617346 0.4320184664358112
0.2637713725617346 0.4320184664358112
0.2637713725617346 0.4320184664358112
0.2637713725617346 0.4320184664358112
0.2637713725617346 0.4320184664358112
0.2637713725617346 0.4320184664358112
0.2637713725617346 0.4320184664358112
0.2637713725617346 0.4320184664358112
0.2637713725617346 0.4320184664358112
0.2637713725617346 0.4320184664358112
0.2637713725617346 0.4320184664358112
0.2637713725617346 0.4320184664358112
0.2637713725617346 0.4320184664358112
0.2637713725617346 0.4320184664358112
0.2637713725617346 0.4320184664358112
0.2637713725617346 0.4320184664358112
0.2637713725617346 0.4320184664358112
0.2637713725617346 0.4320184664358112
0.2637713725617346 0.4320184664358112
0.2637713725617346 0.4320184664358112
0.2637713725617346 0.4320184664358112
0.2637713725617346 0.4320184664358112
0.2637713725617346 0.4320184664358112
0.2637713725617346 0.4320184664358112
0.2637713725617346 0.4320184664358112
0.2637713725617346 0.4320184664358112
0.2637713725617346 0.4320184664358112
0.2637713725617346 0.4320184664358112
0.2637713725617346 0.4320184664358112
0.2637713725617346 0.4320184664358112
0.2637713725617346 0.4320184664358112
0.2637713725617346 0.4320184664358112
0.2637713725617346 0.4320184664358112
0.2637713725617346 0.4320184664358112
0.2637713725617346 0.4320184664358112
0.2637713725617346 0.4320184664358112
0.2386219752005755 0.6574466588681999
0.24830991313864845 0.6379862154436601
0.23862197520057543 0.6574466588682
0.24830991313864842 0.6379862154436601
0.2386219752005755 0.6574466588681999
0.24830991313864847 0.6379862154436599
0.23862197520057554 0.6574466588681999
0.2483099131386485 0.6379862154436599
0.23862197520057554 0.6574466588681999
0.24830991313864842 0.6379862154436601
0.23862197520057554 0.6574466588681999
0.2483099131386485 0.6379862154436599
0.23862197520057551 0.6574466588681999
0.24830991313864847 0.6379862154436599
0.2386219752005755 0.6574466588681999
0.24830991313864845 0.6379862154436599
0.2386219752005755 0.6574466588681999
0.2483099131386485 0.6379862154436599
0.23862197520057551 0.6574466588681999
0.2483099131386485 0.6379862154436599
0.23862197520057554 0.6574466588681999
0.24830991313864847 0.6379862154436599
0.23862197520057554 0.6574466588681999
0.24830991313864853 0.6379862154436597
0.8303773373638328 0.5654070040316798
0.8303773373638328 0.5654070040316799
0.8303773373638328 0.5654070040316796
0.8303773373638328 0.5654070040316798
0.8303773373638328 0.5654070040316798
0.8303773373638328 0.5654070040316798
0.8303773373638328 0.5654070040316796
0.8303773373638329 0.5654070040316793
0.8303773373638328 0.5654070040316795
0.8303773373638328 0.5654070040316796
0.8303773373638328 0.5654070040316796
0.8303773373638329 0.5654070040316796
0.8303773373638329 0.5654070040316795
0.8303773373638328 0.5654070040316796
0.8303773373638329 0.5654070040316795
0.8303773373638331 0.5654070040316794
0.8303773373638329 0.5654070040316795
0.8303773373638329 0.5654070040316795
0.8303773373638329 0.5654070040316795
0.8303773373638329 0.5654070040316794
0.8303773373638331 0.5654070040316794
0.8303773373638331 0.5654070040316794
0.8303773373638329 0.5654070040316795
0.8303773373638331 0.5654070040316794
0.8303773373638331 0.5654070040316796
0.8303773373638331 0.5654070040316794
0.8303773373638331 0.5654070040316795
0.8303773373638331 0.5654070040316796
0.8303773373638331 0.5654070040316793
0.8303773373638331 0.5654070040316793
0.8303773373638331 0.5654070040316793
0.8303773373638333 0.5654070040316793
0.6954862961310033 0.7704054675226327
0.697728918983567 0.7455128144859314
0.6954862961310032 0.7704054675226325
0.6977289189835669 0.7455128144859313
0.695486296131003 0.7704054675226325
0.697728918983567 0.7455128144859314
0.695486296131003 0.7704054675226325
0.697728918983567 0.7455128144859313
0.6954862961310032 0.7704054675226325
0.697728918983567 0.7455128144859314
0.695486296131003 0.7704054675226325
0.697728918983567 0.7455128144859314
0.6954862961310032 0.7704054675226325
0.697728918983567 0.7455128144859314
0.6954862961310032 0.7704054675226325
0.697728918983567 0.7455128144859314
0.695486296131003 0.7704054675226325
0.6977289189835669 0.7455128144859313
0.695486296131003 0.7704054675226325
0.6977289189835669 0.7455128144859313
0.695486296131003 0.7704054675226325
0.697728918983567 0.7455128144859314
0.695486296131003 0.7704054675226325
0.6977289189835668 0.7455128144859307
0.6954862961310039 0.7704054675226325
0.6977289189835668 0.7455128144859307
0.6954862961310034 0.7704054675226322
0.6977289189835669 0.7455128144859308
0.6954862961310035 0.7704054675226325
0.6977289189835669 0.7455128144859308
0.6954862961310035 0.7704054675226324
0.6977289189835669 0.7455128144859308
0.238621975200575 0.6574466588682006
0.24830991313864847 0.6379862154436603
0.23862197520057493 0.6574466588682008
0.24830991313864878 0.6379862154436602
0.23862197520057493 0.6574466588682008
0.24830991313864867 0.6379862154436603
0.23862197520057535 0.6574466588682003
0.2483099131386487 0.6379862154436603
0.23862197520057518 0.6574466588682005
0.24830991313864875 0.6379862154436603
0.23862197520057532 0.6574466588682005
0.24830991313864853 0.6379862154436603
0.23862197520057532 0.6574466588682005
0.2483099131386486 0.6379862154436603
0.23862197520057538 0.6574466588682005
0.2483099131386486 0.6379862154436603
0.23862197520057538 0.6574466588682003
0.24830991313864864 0.6379862154436603
0.23862197520057532 0.6574466588682003
0.24830991313864867 0.6379862154436603
0.23862197520057532 0.6574466588682005
0.24830991313864859 0.6379862154436603
0.23862197520057532 0.6574466588682003
0.24830991313864864 0.6379862154436603
0.906658308876679 0.4635447219400387
0.8880267023638558 0.4904397119258673
0.906658308876679 0.4635447219400386
0.8880267023638558 0.4904397119258673
0.906658308876679 0.4635447219400387
0.8880267023638558 0.4904397119258673
0.906658308876679 0.46354472194003854
0.8880267023638557 0.4904397119258675
0.7819305435217778 0.6198410310194911
0.7854432199485641 0.6082807765705968
0.7819305435217778 0.6198410310194911
0.785443219948564 0.6082807765705966
0.7819305435217778 0.6198410310194911
0.7854432199485639 0.6082807765705966
0.7819305435217778 0.6198410310194911
0.8204525362504619 0.8174038239411296
0.8470214355166277 0.7928862328432936
0.8204525362504621 0.8174038239411296
1.0 0.6969427831216053
0.49743615784224476 0.6824185940583459
0.5097082642759779 0.7176441706680802
0.49743615784224476 0.6824185940583458
0.5097082642759778 0.7176441706680804
0.59899905077844 0.31778239180049134
0.5835794518762704 0.5208353476206172
0.5638887969452414 0.571138697335905
0.7148313356033649 0.6192393011079373
0.40149761455807875 0.6111585221097624
0.39054102794057277 0.578908752507558
0.40149761455807875 0.6111585221097624
0.39054102794057277 0.578908752507558
0.40149761455807875 0.6111585221097624
0.39054102794057277 0.578908752507558
0.40149761455807875 0.6111585221097624
0.05621352096223988 0.43198666721885576
0.5940279760481287 0.4873445614313013
0.5884092683945092 0.5517856764544125
0.5940279760481287 0.4873445614313013
0.5884092683945092 0.5517856764544125
0.5940279760481287 0.4873445614313013
0.5884092683945094 0.5517856764544125
0.5940279760481287 0.48734456143130117
0.5527853156445989 0.5528776084959349
0.38640618482113936 0.612877024406279
0.38750052197893686 0.5831483423286725
0.38640618482113936 0.612877024406279
0.38750052197893686 0.5831483423286725
0.38640618482113936 0.612877024406279
0.38750052197893686 0.5831483423286725
0.3864061848211393 0.612877024406279
0.7968211110641957 0.48614918231146664
0.44980724412754286 0.5043216141500377
0.5146963026837293 0.4250254054185893
0.4498072441275428 0.5043216141500377
0.5146963026837293 0.4250254054185893
0.6350888902512055 7.334566530191673e-16
0.6350888902512055 7.334566530191673e-16
0.4100023014370477 0.4657865552451249
0.4093709871382732 0.5054395787974917
0.4100023014370477 0.4657865552451249
0.40937098713827325 0.5054395787974917
0.4100023014370477 0.4657865552451249
0.40937098713827325 0.5054395787974917
0.4100023014370477 0.4657865552451249
0.4008232150026304 0.5125630580669281
0.4498072441275428 0.5043216141500377
0.5146963026837293 0.42502540541858935
0.4498072441275428 0.5043216141500377
0.5146963026837293 0.4250254054185893
0.4498072441275428 0.5043216141500378
0.5146963026837293 0.42502540541858935
0.4498072441275428 0.5043216141500378
0.8722036227361075 0.6163506153561507
0.3692170902803047 0.6473464844186612
0.36647685418385123 0.6377570242319845
0.3692170902803046 0.6473464844186613
0.36647685418385123 0.6377570242319845
0.36921709028030475 0.647346484418661
0.36647685418385123 0.6377570242319845
0.38203310551605435 0.8075659397765426
0.7743804780645963 0.08141391943425272
0.49500794183287017 0.6966184411109623
0.503843592619556 0.6952392868331766
0.49500794183287017 0.6966184411109623
0.7625726103161767 0.6672906591885301
0.39064024988719626 0.6957036430094177
0.4456197403072077 0.6797671515411174
0.3906402498871962 0.6957036430094177
0.8715607183484833 0.20889420756570568
0.41000230143704774 0.4657865552451249
0.4093709871382732 0.5054395787974917
0.4100023014370477 0.4657865552451249
0.40937098713827325 0.5054395787974917
0.41000230143704774 0.4657865552451249
0.40937098713827325 0.5054395787974917
0.4100023014370477 0.4657865552451249
0.4008232150026304 0.5125630580669281
0.44893004395225083 0.506937890625306
0.513100680353982 0.6439801000377618
0.44893004395225083 0.506937890625306
0.513100680353982 0.6439801000377618
0.44893004395225083 0.506937890625306
0.513100680353982 0.6439801000377618
0.44893004395225083 0.506937890625306
0.6344014337698046 0.8414892830156255
0.3864061848211393 0.6128770244062791
0.3875005219789368 0.5831483423286725
0.3864061848211393 0.6128770244062791
0.38750052197893686 0.5831483423286725
0.3864061848211393 0.6128770244062791
0.38750052197893686 0.5831483423286725
0.4536555204502767 0.5959848479752801
0.44017740415410506 0.5808119739703326
0.3868804703366905 0.7082794923407798
0.42127826426880594 0.7710585384634403
0.3868804703366905 0.7082794923407797
0.4212782642688059 0.7710585384634402
0.405712730458834 0.8132588761991753
0.421221250244415 0.08543709965108973
0.405712730458834 0.8132588761991753
0.4461474405123945 0.8322035124924503
0.3868804703366905 0.7082794923407797
0.4212782642688059 0.7710585384634402
0.38688047033669043 0.7082794923407798
0.42127826426880594 0.7710585384634403
0.23838362031817242 0.7059039553278551
0.6584590147771564 0.6553301340815517
0.2383836203181725 0.7059039553278551
0.7625726103161766 0.66729065918853
0.6024350037134641 0.42362728595153365
0.6048594131166273 0.3190461972704506
0.6024350037134641 0.4236272859515336
0.6048594131166273 0.31904619727045064
0.6010806428470237 0.1739042802805176
0.6010806428470237 0.1739042802805176
0.9687338478304438 0.2802393175771951
0.4451744401934542 0.21267773641103876
0.436509188727113 0.21705018660290112
0.4451744401934542 0.21267773641103876
0.3828353129148308 0.5092202946544061
0.3603148391649374 0.4872638116968766
0.3828353129148308 0.5092202946544061
0.3603148391649374 0.4872638116968766
0.3656483987545392 0.6067395371141944
0.29970944720956877 0.6508490385852248
0.36564839875453925 0.6067395371141944
0.8776244770486429 0.14428141963688945
0.33923335940362864 0.5869121896835697
0.4319879452012051 0.6499419367695989
0.33923335940362864 0.5869121896835696
0.43198794520120504 0.6499419367695988
0.33923335940362864 0.5869121896835695
0.43198794520120515 0.6499419367695988
0.33923335940362864 0.5869121896835696
0.9401475130546146 0.2451576412274956
0.6350888902512055 8.001345305663644e-16
0.6350888902512055 8.001345305663644e-16
0.6350888902512055 8.001345305663644e-16
0.6350888902512055 8.001345305663644e-16
0.48109722804936145 0.004543854090884642
0.4769331399726381 0.0034967084817168507
0.48109722804936145 0.004543854090884642
0.9476575885363444 0.20733920336316167
0.4157409963637692 0.2096300635841996
0.5134106524083498 0.1931045797013336
0.4157409963637692 0.2096300635841996
0.5134106524083496 0.1931045797013337
0.3435219926500429 0.5605076512179141
0.42971404258516194 0.6436127615212233
0.343521992650043 0.5605076512179141
0.42971404258516205 0.6436127615212234
0.343521992650043 0.560507651217914
0.429714042585162 0.6436127615212234
0.343521992650043 0.5605076512179141
0.429714042585162 0.6436127615212234
0.343521992650043 0.560507651217914
0.42971404258516194 0.6436127615212234
0.343521992650043 0.5605076512179141
0.429714042585162 0.6436127615212234
0.3438599185661028 0.5630521321511489
0.44178919026812724 0.6150408706021023
0.3438599185661028 0.5630521321511487
0.44178919026812724 0.6150408706021023
0.9066583088766799 0.4635447219400398
0.9066583088766799 0.4635447219400398
0.9066583088766799 0.4635447219400398
0.9066583088766799 0.4635447219400398
0.3308480406055238 0.6884768473057717
0.3705433628309169 0.717088191769822
0.3308480406055238 0.6884768473057717
0.3705433628309169 0.717088191769822
0.34245086927321394 0.5594766797564299
0.42675177841378215 0.6424730362647564
0.34245086927321416 0.5594766797564301
0.42675177841378215 0.6424730362647564
0.32609148194671767 0.6378379706436293
0.4049297229899127 0.6949911109693335
0.32609148194671767 0.6378379706436293
0.4049297229899128 0.6949911109693335
0.32609148194671767 0.6378379706436295
0.4049297229899128 0.6949911109693335
0.34245086927321394 0.5594766797564299
0.4267517784137821 0.6424730362647564
0.343521992650043 0.560507651217914
0.43882560916796853 0.6118184042235139
0.3435219926500431 0.5605076512179139
0.43882560916796853 0.6118184042235139
0.34245086927321394 0.5594766797564301
0.4267517784137821 0.6424730362647564
0.342450869273214 0.5594766797564301
0.42675177841378215 0.6424730362647564
0.3260914819467176 0.6378379706436295
0.40492972298991275 0.6949911109693335
0.32609148194671767 0.6378379706436295
0.40492972298991275 0.6949911109693334
0.3220540630976533 0.6988514689018263
0.39095304111605567 0.7536289727251445
0.3220540630976532 0.6988514689018263
0.3909530411160558 0.7536289727251445
0.33096654794066205 0.5990237252781672
0.41322156060563175 0.7018911513358906
0.330966547940662 0.5990237252781672
0.41322156060563175 0.7018911513358906
0.330966547940662 0.5990237252781672
0.41322156060563175 0.7018911513358906
0.33096654794066205 0.5990237252781669
0.41322156060563175 0.7018911513358906
0.7572227491525857 0.725537171919079
0.7572227491525857 0.725537171919079
0.7572227491525857 0.725537171919079
0.6709367985779967 0.876365487905589
0.3379561841935345 0.6175468142251328
0.3860542994026024 0.6621638979793756
0.3379561841935345 0.6175468142251328
0.3860542994026024 0.6621638979793756
0.36174124750144127 0.7944726461864482
0.4868648922114662 0.7391035687737515
0.3531478469917377 0.10927898635715615
0.4868648922114662 0.7391035687737515
0.40265804293153 0.4035130361240253
0.4436964525946878 0.39383795622131634
0.40265804293153 0.4035130361240253
0.4436964525946879 0.39383795622131634
0.3879897119002411 0.4348400685156031
0.4325814449236923 0.42070324600716136
0.3879897119002411 0.4348400685156031
0.42961078498663224 0.460758123119539
0.3879897119002411 0.4348400685156031
0.42961078498663224 0.460758123119539
0.3879897119002411 0.4348400685156031
0.42961078498663224 0.46075812311953895
0.38798971190024106 0.4348400685156031
0.42961078498663224 0.46075812311953895
0.38798971190024106 0.43484006851560303
0.42961078498663224 0.460758123119539
0.6563002072082222 0.8063343027639234
0.6563002072082222 0.8063343027639234
0.6563002072082222 0.8063343027639234
0.6563002072082222 0.8063343027639234
0.6563002072082222 0.8063343027639234
0.6563002072082222 0.8063343027639234
0.5656354830008392 0.8623155400069146
0.6746260299354082 0.87661718871946
0.3736689966883278 0.1899432651996084
0.5566916762432039 0.5807076126906207
0.37366899668832787 0.18994326519960852
0.47688470232215713 0.13270763568619343
0.3992109056169353 0.2095375476440321
0.47984876931872067 0.2050443325790341
0.3992109056169353 0.2095375476440321
0.47984876931872067 0.20504433257903412
0.3992109056169351 0.2095375476440321
0.47984876931872067 0.20504433257903412
0.3992109056169351 0.20953754764403207
0.47984876931872067 0.20504433257903415
0.3992109056169351 0.20953754764403207
0.4798487693187206 0.20504433257903426
0.39921090561693506 0.20953754764403199
0.4798487693187208 0.20504433257903418
0.38749222656018245 0.298594106614859
0.4750265519134983 0.3524390698215208
0.38749222656018245 0.298594106614859
0.4750265519134982 0.3524390698215206
0.3874922265601824 0.298594106614859
0.4750265519134982 0.35243906982152073
0.3874922265601824 0.298594106614859
0.4750265519134982 0.3524390698215208
0.38749222656018245 0.2985941066148591
0.4750265519134982 0.3524390698215208
0.38749222656018245 0.2985941066148591
0.46320678337459614 0.28665025355525275
0.3992109056169351 0.2095375476440319
0.4798487693187206 0.2050443325790341
0.39921090561693506 0.20953754764403193
0.4798487693187206 0.2050443325790341
0.39921090561693506 0.2095375476440319
0.4798487693187206 0.20504433257903423
0.39921090561693506 0.20953754764403193
0.47984876931872067 0.205044332579034
0.38749222656018245 0.29859410661485913
0.4750265519134982 0.3524390698215208
0.38749222656018245 0.2985941066148592
0.4750265519134982 0.35243906982152085
0.8187085753764984 0.6297242605618332
0.7937282542165818 0.6811275791048227
0.8187085753764984 0.6297242605618332
0.7937282542165818 0.6811275791048227
0.8187085753764984 0.6297242605618332
0.7937282542165818 0.6811275791048226
0.8187085753764984 0.6297242605618332
0.7937282542165818 0.6811275791048226
0.49243162900393134 0.629718661067522
0.43041818923957315 0.6072361076288468
0.34124056694379024 0.537791612449957
0.43041818923957315 0.6072361076288468
0.34124056694379024 0.5377916124499569
0.43041818923957315 0.6072361076288468
0.34124056694379024 0.5377916124499571
0.4304181892395732 0.6072361076288468
0.3412405669437902 0.5377916124499571
0.4304181892395732 0.6072361076288468
0.3412405669437902 0.5377916124499571
0.4304181892395732 0.6072361076288468
0.3412405669437902 0.5377916124499571
0.4304181892395732 0.6072361076288468
0.3267889601543564 0.5927940803078298
0.4194383420655904 0.6683798189394663
0.3251390040567537 0.599802911221994
0.41729761458345405 0.6738833148774385
0.3251390040567537 0.599802911221994
0.417297614583454 0.6738833148774385
0.3251390040567537 0.599802911221994
0.41729761458345405 0.6738833148774384
0.3251390040567537 0.599802911221994
0.417297614583454 0.6738833148774385
0.34048561624750967 0.6449383838586542
0.4461836613446733 0.7029245818230725
0.3404856162475097 0.6449383838586542
0.44618366134467335 0.7029245818230725
0.32551538770351734 0.5570608813788621
0.4268905406784032 0.6301228393288871
0.32513900405675367 0.599802911221994
0.41729761458345394 0.6738833148774385
0.32513900405675356 0.5998029112219941
0.41729761458345394 0.6738833148774385
0.3251390040567537 0.599802911221994
0.41729761458345394 0.6738833148774385
0.8716984668531653 0.2973627225240611
0.8716984668531653 0.2973627225240611
0.8716984668531653 0.2973627225240611
0.8716984668531653 0.2973627225240611
0.7962014619373583 0.2544407211058418
0.6946188244362259 0.41172416912092163
0.6946188244362259 0.41172416912092163
0.6946188244362259 0.41172416912092163
0.6946188244362259 0.41172416912092163
0.6946188244362259 0.41172416912092163
0.6946188244362259 0.41172416912092163
0.6946188244362259 0.41172416912092163
0.6946188244362259 0.41172416912092163
0.6946188244362259 0.41172416912092163
0.6946188244362259 0.41172416912092163
0.6946188244362259 0.41172416912092163
0.6946188244362259 0.41172416912092163
0.6946188244362259 0.41172416912092163
0.8027438386424812 0.1879373155565399
0.7944443358159512 0.210284351223192
0.7944443358159512 0.210284351223192
0.7944443358159512 0.210284351223192
0.6946188244362259 0.4117241691209216
0.6946188244362259 0.4117241691209216
0.6946188244362259 0.4117241691209216
0.6946188244362259 0.4117241691209216
0.6946188244362259 0.4117241691209216
0.6946188244362259 0.4117241691209216
0.6946188244362259 0.4117241691209216
0.6946188244362259 0.4117241691209216
0.6946188244362259 0.4117241691209216
0.7599776987848149 0.4712562789456547
0.7501172977808869 0.16437335876675196
0.5619168453301573 0.5233083305807298
0.41022926781277924 0.3481536569664558
0.5619168453301573 0.5233083305807297
0.41022926781277924 0.3481536569664558
0.5619168453301573 0.5233083305807297
0.41022926781277924 0.34815365696645567
0.5619168453301573 0.5233083305807298
0.4102292678127793 0.34815365696645567
0.5619168453301573 0.5233083305807297
0.41022926781277924 0.34815365696645567
0.5619168453301573 0.5233083305807297
0.4102292678127793 0.34815365696645567
0.5619168453301573 0.5233083305807297
0.41022926781277924 0.34815365696645567
0.5619168453301573 0.5233083305807297
0.4652190377342978 0.35767426673428243
0.6769723675904226 0.5312040260898259
0.6946188244362259 0.41172416912092136
0.6769723675904226 0.5312040260898259
0.6946188244362259 0.41172416912092136
0.6769723675904226 0.5312040260898258
0.6946188244362259 0.41172416912092136
0.6769723675904226 0.5312040260898258
0.6946188244362259 0.41172416912092147
0.6769723675904226 0.5312040260898256
0.6946188244362259 0.41172416912092136
0.6769723675904226 0.5312040260898259
0.6946188244362259 0.41172416912092136
0.6769723675904227 0.531204026089826
0.6946188244362259 0.4117241691209213
0.6769723675904227 0.5312040260898259
0.6307798070449414 0.40926838553552564
0.5619168453301573 0.5233083305807298
0.41022926781277935 0.3481536569664558
0.5619168453301573 0.5233083305807298
0.4102292678127793 0.34815365696645567
0.5619168453301573 0.5233083305807298
0.41022926781277935 0.3481536569664558
0.5619168453301573 0.5233083305807298
0.41022926781277935 0.3481536569664558
0.5619168453301573 0.5233083305807298
0.41022926781277935 0.3481536569664558
0.5619168453301573 0.5233083305807299
0.4102292678127793 0.3481536569664558
0.5619168453301573 0.5233083305807298
0.4102292678127793 0.34815365696645584
0.5619168453301574 0.5233083305807298
0.5346704743067168 0.6077802852824445
0.6138407387302158 0.6373280334884102
0.6138407387302158 0.6373280334884102
0.6138407387302158 0.6373280334884102
0.6138407387302158 0.6373280334884102
0.6138407387302158 0.6373280334884102
0.6138407387302158 0.6373280334884102
0.6138407387302158 0.6373280334884102
0.7450416276303173 0.4538900359873552
0.8553219309618468 0.2526406582939181
0.48064586400007103 0.09831169514507
0.48064586400007103 0.09831169514507
0.48064586400007103 0.09831169514507
0.421820775146351 0.11928487674516926
0.4980029295819471 0.49614967923277653
0.4980029295819471 0.49614967923277653
0.4980029295819471 0.49614967923277653
0.4102292678127793 0.3481536569664558
0.4879279545834776 0.33181499206885756
0.4879279545834776 0.33181499206885756
0.4879279545834776 0.33181499206885756
0.4879279545834776 0.33181499206885756
0.4879279545834776 0.33181499206885756
0.4879279545834776 0.33181499206885756
0.4879279545834776 0.33181499206885756
0.4879279545834776 0.33181499206885756
0.4879279545834776 0.33181499206885756
0.4879279545834776 0.33181499206885756
0.4879279545834776 0.33181499206885756
0.4879279545834776 0.33181499206885756
0.4879279545834776 0.33181499206885756
0.4879279545834776 0.33181499206885756
0.7517298146559516 0.4461693721902346
0.7585829145555392 0.30507920562375235
0.49800292958194725 0.49614967923277664
0.49800292958194725 0.49614967923277664
0.49800292958194725 0.49614967923277664
0.49800292958194725 0.49614967923277664
0.49800292958194725 0.49614967923277664
0.49800292958194725 0.49614967923277664
0.49800292958194725 0.49614967923277664
0.4102292678127792 0.3481536569664556
0.4879279545834775 0.3318149920688576
0.4879279545834775 0.3318149920688576
0.4879279545834775 0.3318149920688576
0.4879279545834775 0.3318149920688576
0.4879279545834775 0.3318149920688576
0.4879279545834775 0.3318149920688576
0.4879279545834775 0.3318149920688576
0.4879279545834775 0.3318149920688576
0.4879279545834775 0.3318149920688576
0.4879279545834775 0.3318149920688576
0.4879279545834775 0.3318149920688576
0.4879279545834775 0.3318149920688576
0.5619168453301571 0.5233083305807296
0.4102292678127791 0.34815365696645567
0.5619168453301571 0.5233083305807296
0.4102292678127791 0.34815365696645567
0.5619168453301571 0.5233083305807296
0.410229267812779 0.34815365696645567
0.5619168453301571 0.5233083305807297
0.5346704743067168 0.6077802852824441
0.6138407387302157 0.6373280334884099
0.6138407387302157 0.6373280334884099
0.6138407387302157 0.6373280334884099
0.6138407387302157 0.6373280334884099
0.6138407387302157 0.6373280334884099
0.6138407387302157 0.6373280334884099
0.6138407387302157 0.6373280334884099
0.8962097166957335 0.3453268483180698
0.6138407387302157 0.6373280334884099
0.6138407387302157 0.6373280334884099
0.6138407387302157 0.6373280334884099
0.6138407387302157 0.6373280334884099
0.6138407387302157 0.6373280334884099
0.8962097166957335 0.3453268483180701
0.7807237788743482 0.17524091499512015
0.49800292958194725 0.4961496792327766
0.49800292958194725 0.4961496792327766
0.49800292958194725 0.4961496792327766
0.49800292958194725 0.4961496792327766
0.49800292958194725 0.4961496792327766
0.49800292958194725 0.4961496792327766
0.49800292958194725 0.4961496792327766
0.49800292958194725 0.4961496792327766
0.49800292958194725 0.4961496792327766
0.49800292958194725 0.4961496792327766
0.49800292958194725 0.4961496792327766
0.49800292958194725 0.4961496792327766
0.49800292958194725 0.4961496792327766
0.7581302784282431 0.17290707683219625
0.2897330502029807 0.2930007176852546
0.2897330502029807 0.2930007176852546
0.2897330502029807 0.2930007176852546
0.2897330502029807 0.2930007176852546
0.2897330502029807 0.2930007176852546
0.2897330502029807 0.2930007176852546
0.2897330502029807 0.2930007176852546
0.2897330502029807 0.2930007176852546
0.26156853983345885 0.5792880977394944
0.26283285159289765 0.5259060733166541
0.26156853983345885 0.5792880977394945
0.2628328515928976 0.525906073316654
0.2615685398334589 0.5792880977394944
0.26283285159289754 0.5259060733166537
0.2615685398334586 0.5792880977394944
0.26283285159289743 0.525906073316654
0.2655328849306673 0.42896926116210377
0.2655328849306672 0.42896926116210393
0.2655328849306674 0.4289692611621037
0.2655328849306676 0.4289692611621038
0.2655328849306673 0.42896926116210404
0.2655328849306678 0.4289692611621036
0.2655328849306674 0.4289692611621039
0.26553288493066757 0.4289692611621037
0.26127810496279974 0.5334095374223421
0.2612781049627996 0.5334095374223421
0.2612781049627996 0.5334095374223421
0.2612781049627995 0.5334095374223423
0.2612781049627995 0.5334095374223423
0.2612781049627996 0.5334095374223423
0.2612781049627997 0.5334095374223422
0.2612781049627997 0.5334095374223422
0.23388393171105398 0.6883924676914538
0.23388393171105398 0.6883924676914538
0.23388393171105398 0.6883924676914538
0.23388393171105398 0.6883924676914538
0.23388393171105398 0.6883924676914538
0.23388393171105398 0.6883924676914538
0.23388393171105398 0.6883924676914538
0.23388393171105398 0.6883924676914538
0.2589071807091674 0.5506394948886262
0.2345296435140908 0.5551140074507288
0.25890718070916735 0.5506394948886265
0.2345296435140907 0.5551140074507289
0.2589071807091673 0.5506394948886261
0.23452964351409075 0.5551140074507289
0.25890718070916735 0.5506394948886263
0.23452964351409075 0.555114007450729
0.2897330502029805 0.2930007176852544
0.2897330502029805 0.2930007176852544
0.2897330502029805 0.2930007176852544
0.2897330502029805 0.2930007176852544
0.7283373517652665 0.710611426727654
0.7283373517652665 0.710611426727654
0.7283373517652665 0.710611426727654
0.7283373517652665 0.710611426727654
0.532316493482216 0.6896293574213002
0.5747299792888696 0.7998702349192839
0.5979070473935933 0.8173039716463498
0.5747299792888696 0.799870234919284
0.5979070473935932 0.8173039716463498
0.5747299792888697 0.7998702349192839
0.5979070473935932 0.8173039716463498
0.5747299792888696 0.799870234919284
0.7188041805698601 0.7245299772195792
0.7188041805698601 0.7245299772195792
0.7188041805698601 0.7245299772195792
0.7188041805698601 0.7245299772195792
0.23452964351409075 0.5551140074507293
0.23452964351409084 0.5551140074507293
0.23452964351409078 0.5551140074507291
0.2345296435140908 0.5551140074507291
0.25489145242474 0.5649733868632345
0.25489145242474004 0.5649733868632343
0.25489145242474 0.5649733868632343
0.25489145242474004 0.5649733868632343
0.25489145242474 0.5649733868632343
0.2548914524247401 0.5649733868632343
0.2548914524247401 0.5649733868632343
0.2548914524247401 0.5649733868632343
0.31088669075882197 0.336147655292485
0.27972713790492193 0.31188166189865646
0.31088669075882197 0.3361476552924851
0.27972713790492176 0.31188166189865646
0.26553288493066846 0.42896926116210393
0.28656030526890164 0.46808985341553994
0.2655328849306674 0.4289692611621034
0.2865603052689018 0.4680898534155399
0.26553288493066823 0.4289692611621038
0.28656030526890175 0.46808985341553994
0.2655328849306678 0.4289692611621039
0.2865603052689017 0.46808985341553966
0.23452964351409092 0.5551140074507289
0.23452964351409095 0.5551140074507289
0.23452964351409095 0.5551140074507289
0.234529643514091 0.5551140074507288
0.28973305020298046 0.29300071768525443
0.28973305020298046 0.29300071768525443
0.28973305020298046 0.29300071768525443
0.28973305020298046 0.29300071768525443
0.28973305020298046 0.29300071768525443
0.28973305020298046 0.29300071768525443
0.28973305020298046 0.29300071768525443
0.28973305020298046 0.29300071768525443
0.28973305020298046 0.29300071768525443
0.28973305020298046 0.29300071768525443
0.28973305020298046 0.29300071768525443
0.28973305020298046 0.29300071768525443
0.25489145242474043 0.564973386863234
0.25489145242474043 0.564973386863234
0.25489145242474043 0.564973386863234
0.25489145242474043 0.564973386863234
0.25489145242474043 0.5649733868632338
0.25489145242474043 0.564973386863234
0.2548914524247405 0.5649733868632338
0.2548914524247404 0.564973386863234
0.2637713725617346 0.4320184664358109
0.28637899651201243 0.46906414113910083
0.2637713725617346 0.4320184664358107
0.28637899651201243 0.4690641411391006
0.2637713725617345 0.4320184664358107
0.2863789965120124 0.4690641411391008
0.26377137256173466 0.4320184664358108
0.2863789965120125 0.46906414113910083
0.5970677085788185 0.6541991309523748
0.23452964351409084 0.5551140074507291
0.23452964351409086 0.5551140074507291
0.26348171637997275 0.6469789677294948
0.23452964351409092 0.5551140074507291
0.23452964351409097 0.5551140074507289
0.7191546263721117 0.7234544229485831
0.5654882882303321 0.7619190266480947
0.611709728487256 0.897859939125954
0.6289700190097787 0.8785856952607167
0.6081658468792606 0.8970539730755994
0.20403159539619417 0.7988469207417144
0.08463500025390337 0.5812535102532418
0.08463500025390337 0.5812535102532418
0.08463500025390337 0.5812535102532418
0.23021799855496225 0.7871802258907263
0.28556008347895667 0.41058314327020223
0.24756421220264344 0.7165895489835608
0.2855600834789566 0.4105831432702022
0.2475642122026434 0.7165895489835608
0.28556008347895684 0.41058314327020223
0.2475642122026434 0.7165895489835608
0.2855600834789568 0.41058314327020234
0.24877322555556713 0.7165817809222041
0.3145200624596557 0.32843141189029673
0.313169611591054 0.4227526975194058
0.3145200624596557 0.32843141189029673
0.313169611591054 0.4227526975194058
0.3145200624596557 0.32843141189029673
0.313169611591054 0.4227526975194058
0.27756097477478314 0.3758420406084516
0.2775609747747832 0.37584204060845183
0.27756097477478325 0.3758420406084518
0.27756097477478325 0.37584204060845183
0.27756097477478314 0.3758420406084517
0.2775609747747831 0.37584204060845156
0.27756097477478314 0.3758420406084517
0.1807026928469515 0.41984124562201414
0.2775609747747831 0.3758420406084516
0.2775609747747831 0.37584204060845156
0.27756097477478325 0.3758420406084518
0.27756097477478303 0.37584204060845156
0.2775609747747832 0.3758420406084517
0.2775609747747834 0.37584204060845205
0.2775609747747832 0.3758420406084517
0.17519068080429653 0.4759325747997511
0.27756097477478314 0.3758420406084516
0.2775609747747832 0.3758420406084517
0.27756097477478314 0.3758420406084517
0.2775609747747832 0.3758420406084517
0.27756097477478314 0.3758420406084517
0.2775609747747831 0.3758420406084517
0.2683363267499571 0.4195207319657604
0.17519068080429645 0.4759325747997511
0.2775609747747831 0.37584204060845156
0.2775609747747831 0.3758420406084517
0.27756097477478314 0.3758420406084517
0.2775609747747831 0.3758420406084517
0.2775609747747831 0.3758420406084517
0.2775609747747832 0.3758420406084517
0.27756097477478314 0.3758420406084516
0.17519068080429653 0.4759325747997511
0.2775609747747831 0.3758420406084516
0.2775609747747832 0.3758420406084517
0.2775609747747832 0.3758420406084517
0.27756097477478314 0.3758420406084517
0.27756097477478314 0.3758420406084516
0.27756097477478314 0.3758420406084516
0.27756097477478303 0.3758420406084517
0.17519068080429662 0.4759325747997512
0.27756097477478303 0.3758420406084517
0.2775609747747831 0.3758420406084516
0.27756097477478303 0.3758420406084517
0.2775609747747831 0.3758420406084516
0.2775609747747832 0.3758420406084517
0.27756097477478303 0.3758420406084516
0.277560974774783 0.37584204060845156
0.1751906808042967 0.4759325747997514
0.2775609747747831 0.3758420406084516
0.2775609747747831 0.37584204060845156
0.27756097477478303 0.37584204060845156
0.2775609747747829 0.3758420406084515
0.27756097477478336 0.37584204060845156
0.27756097477478353 0.3758420406084517
0.28057691849312033 0.4048610070841922
0.17519068080429645 0.4759325747997538
0.2775609747747833 0.37584204060845156
0.277560974774783 0.37584204060845117
0.2775609747747831 0.3758420406084513
0.27756097477478275 0.37584204060845106
0.27756097477478314 0.37584204060845144
0.27756097477478303 0.3758420406084513
0.27756097477478336 0.37584204060845156
0.17519068080429645 0.47593257479975387
0.2775609747747829 0.37584204060845117
0.2775609747747833 0.37584204060845156
0.27756097477478336 0.3758420406084517
0.2775609747747837 0.3758420406084521
0.27756097477478336 0.3758420406084517
0.2775609747747831 0.3758420406084514
0.2775609747747834 0.3758420406084517
0.1751906808042964 0.47593257479975365
0.26833632674995705 0.41952073196575834
0.2065600762010796 0.45100537098250637
0.2683363267499574 0.41952073196575845
0.20656007620107955 0.4510053709825062
0.2683363267499571 0.41952073196575834
0.2065600762010796 0.45100537098250626
0.2683363267499571 0.4195207319657584
0.1648649412228452 0.47296266049213204
0.27756097477478336 0.37584204060845156
0.2775609747747829 0.37584204060845117
0.2775609747747832 0.3758420406084515
0.2775609747747832 0.3758420406084515
0.27756097477478275 0.37584204060845144
0.2775609747747832 0.37584204060845156
0.2775609747747829 0.3758420406084513
0.17519068080429634 0.47593257479975404
0.13022000789116128 0.48450136033129126
0.13022000789116128 0.48450136033129143
0.13022000789116114 0.4845013603312912
0.13028922163449363 0.5119398056876077
0.13022000789116137 0.48450136033129126
0.13028922163449363 0.5119398056876078
0.13022000789116128 0.4845013603312913
0.13028922163449358 0.5119398056876078
0.2775609747747831 0.3758420406084515
0.2775609747747831 0.37584204060845144
0.277560974774783 0.3758420406084514
0.27756097477478314 0.3758420406084515
0.27756097477478314 0.3758420406084515
0.27756097477478314 0.37584204060845144
0.27756097477478275 0.3758420406084511
0.2775609747747831 0.37584204060845144
0.27756097477478275 0.3758420406084511
0.2775609747747831 0.3758420406084515
0.2775609747747831 0.3758420406084515
0.18070269284695176 0.4198412456220118
0.2775609747747831 0.3758420406084514
0.2775609747747831 0.3758420406084516
0.2775609747747831 0.3758420406084515
0.27756097477478286 0.3758420406084513
0.2425322654182299 0.42583638324284406
0.21821509097234204 0.4258336994972212
0.24253226541822995 0.4258363832428441
0.16486494122284492 0.47296266049213276
0.2775609747747831 0.3758420406084515
0.27756097477478325 0.3758420406084516
0.2775609747747829 0.37584204060845144
0.2775609747747835 0.37584204060845183
0.27756097477478325 0.3758420406084516
0.27756097477478253 0.37584204060845117
0.2775609747747833 0.3758420406084516
0.27756097477478253 0.37584204060845106
0.27756097477478225 0.3758420406084508
0.1621276447204084 0.16558102472835276
0.1621276447204084 0.16558102472835276
0.08955989565569056 0.264288265188982
0.27756097477478303 0.37584204060845144
0.2775609747747829 0.3758420406084513
0.27756097477478264 0.37584204060845117
0.18070269284695187 0.4198412456220117
0.18070269284695198 0.4198412456220118
0.18070269284695195 0.4198412456220118
0.2775609747747831 0.37584204060845156
0.2683363267499557 0.41952073196575845
0.27756097477478286 0.3758420406084514
0.2775609747747829 0.3758420406084514
0.16212764472040822 0.1655810247283526
0.08955989565587545 0.2642882651886413
0.16212764472040825 0.16558102472835257
0.16212764472040828 0.1655810247283525
0.16212764472040825 0.1655810247283525
0.12323675328014283 0.3508270831417743
0.2775609747747828 0.3758420406084514
0.277560974774783 0.3758420406084515
0.26833632674995567 0.4195207319657584
0.2683363267499559 0.41952073196575845
0.27756097477478303 0.37584204060845144
0.277560974774783 0.37584204060845144
0.27756097477478286 0.3758420406084514
0.18070269284695187 0.4198412456220117
0.27756097477478275 0.3758420406084513
0.27756097477478314 0.37584204060845156
0.2775609747747828 0.3758420406084514
0.180702692846952 0.4198412456220117
0.5919413832403526 0.39764224472297205
0.5919413832403528 0.3976422447229717
0.5919413832403531 0.39764224472297166
0.5919413832403526 0.39764224472297205
0.5919413832403525 0.39764224472297205
0.5919413832403532 0.3976422447229717
0.5919413832403532 0.39764224472297194
0.5919413832403526 0.39764224472297205
0.5833017431905797 0.39865015115459285
0.5833017431905796 0.39865015115459285
0.5833017431905796 0.39865015115459296
0.5833017431905798 0.39865015115459257
0.5833017431905796 0.39865015115459296
0.5833017431905801 0.3986501511545924
0.5833017431905801 0.39865015115459246
0.5833017431905797 0.3986501511545929
0.6350888902512031 0.0
0.6350888902512031 0.0
0.6350888902512031 0.0
0.6350888902512031 0.0
0.6128831523588226 0.0901039265600778
0.6128831523588226 0.0901039265600778
0.6128831523588226 0.0901039265600778
0.6128831523588226 0.0901039265600778
0.5902402432636127 0.3564693742727976
0.5697942325564697 0.42893376906412245
0.5902402432636127 0.3564693742727976
0.5697942325564697 0.42893376906412256
0.5902402432636127 0.3564693742727976
0.5697942325564697 0.4289337690641224
0.5788844797052599 0.3648022464392091
0.5075124790357007 0.3650092929059011
0.5897358005164821 0.36013428096663186
0.5685370592568662 0.42719297933179273
0.5897358005164821 0.3601342809666316
0.5699785098672815 0.45439795291274243
0.5897358005164821 0.36013428096663147
0.5685370592568662 0.42719297933179257
0.589735800516482 0.3601342809666322
0.5699785098672814 0.45439795291274243
0.5902402432636126 0.3564693742727975
0.5697942325564697 0.4289337690641224
0.5902402432636127 0.3564693742727975
0.5697942325564697 0.4289337690641224
0.5902402432636127 0.35646937427279746
0.5697942325564697 0.42893376906412256
0.5902402432636127 0.35646937427279746
0.5697942325564695 0.42893376906412256
0.5902402432636127 0.35646937427279746
0.5697942325564695 0.42893376906412245
0.5902402432636127 0.35646937427279746
0.5697942325564695 0.42893376906412256
0.5902402432636127 0.35646937427279746
0.5697942325564697 0.42893376906412256
0.5902402432636127 0.3564693742727975
0.5697942325564695 0.4289337690641224
0.5897358005164822 0.36013428096663225
0.5685370592568658 0.42719297933179273
0.5897358005164822 0.36013428096663214
0.5685370592568659 0.42719297933179284
0.5897358005164821 0.36013428096663197
0.5685370592568658 0.4271929793317928
0.589735800516482 0.36013428096663225
0.5699785098672814 0.45439795291274265
0.5902402432636127 0.35646937427279746
0.5697942325564694 0.42893376906412245
0.5902402432636127 0.35646937427279746
0.5697942325564694 0.42893376906412256
0.5902402432636126 0.3564693742727976
0.5697942325564695 0.42893376906412245
0.5902402432636127 0.3564693742727975
0.5697942325564695 0.42893376906412256
0.5902402432636127 0.35646937427279746
0.5697942325564695 0.42893376906412245
0.5902402432636127 0.35646937427279746
0.5697942325564694 0.4289337690641226
0.5902402432636126 0.3564693742727975
0.5697942325564694 0.42893376906412256
0.5902402432636126 0.3564693742727975
0.5768890617705592 0.3656207743105219
0.5902402432636127 0.35646937427279746
0.5643150440361724 0.4744870695906854
0.5902402432636127 0.35646937427279746
0.5643150440361723 0.47448706959068543
0.5902402432636127 0.35646937427279746
0.5643150440361723 0.47448706959068543
0.5902402432636127 0.35646937427279746
0.5643150440361723 0.47448706959068543
0.5902402432636127 0.35646937427279746
0.5643150440361723 0.4744870695906855
0.5902402432636127 0.35646937427279746
0.5610268800680184 0.4768255843957139
0.5902402432636127 0.3564693742727974
0.5610268800680183 0.4768255843957139
0.5902402432636127 0.3564693742727974
0.5610268800680183 0.4768255843957138
0.5902402432636126 0.35646937427279746
0.5610268800680183 0.4768255843957138
0.5902402432636127 0.3564693742727974
0.5610268800680183 0.4768255843957139
0.5902402432636127 0.3564693742727974
0.5610268800680183 0.4768255843957139
0.5902402432636127 0.35646937427279746
0.5610268800680183 0.4768255843957139
0.5902402432636127 0.3564693742727974
0.5610268800680183 0.4768255843957138
0.5902402432636127 0.35646937427279735
0.5610268800680183 0.4768255843957138
0.5902402432636127 0.35646937427279735
0.5902402432636127 0.35646937427279735
0.5902402432636127 0.35646937427279735
0.5697942325564695 0.42893376906412256
0.5902402432636127 0.35646937427279735
0.5902402432636127 0.35646937427279735
0.5902402432636127 0.35646937427279735
0.5075124790357007 0.36500929290590095
0.5622991801653058 0.4612256997173095
0.5818197765639859 0.42979520362524276
0.5622991801653058 0.4612256997173095
0.5818197765639858 0.42979520362524287
0.5622991801653058 0.4612256997173095
0.5818197765639859 0.42979520362524287
0.5622991801653058 0.4612256997173095
0.5818197765639859 0.4297952036252428
0.5787878139356251 0.4601806322253445
0.582427803263116 0.43062889684592714
0.5628593494197478 0.46221072936096524
0.5824278032631163 0.43062889684592714
0.5787878139356251 0.46018063222534455
0.5824278032631163 0.43062889684592703
0.5628593494197477 0.46221072936096524
0.5824278032631163 0.43062889684592714
0.5902402432636127 0.3564693742727973
0.57888447970526 0.364802246439209
0.5902402432636127 0.35646937427279735
0.5788844797052599 0.364802246439209
0.5902402432636127 0.3564693742727973
0.5788844797052601 0.36480224643920894
0.5902402432636127 0.3564693742727973
0.5788844797052601 0.3648022464392088
0.5902402432636127 0.3564693742727973
0.5902402432636127 0.3564693742727973
0.5902402432636127 0.3564693742727973
0.5902402432636127 0.3564693742727973
0.5902402432636127 0.3564693742727973
0.5902402432636127 0.3564693742727973
0.5902402432636127 0.3564693742727973
0.5788844797052601 0.3648022464392087
0.578437028271368 0.4138499085800418
0.5826078443810602 0.3841136546293023
0.6020369674503936 0.4039616288247229
0.5826078443810602 0.38411365462930225
0.5784370282713679 0.4138499085800417
0.5826078443810602 0.3841136546293023
0.6020369674503936 0.4039616288247229
0.5826078443810603 0.38411365462930225
0.602158585940553 0.2599524866169504
0.6260307341224589 0.25376859352246867
0.6021585859405532 0.2599524866169504
0.6260307341224589 0.25376859352246867
0.602158585940553 0.25995248661695053
0.6260307341224589 0.25376859352246867
0.602158585940553 0.2599524866169504
0.6260307341224589 0.25376859352246867
0.6255809701371969 0.15118938323210443
0.6769397089222339 0.15710698390521133
0.6255809701371969 0.15118938323210443
0.6769397089222339 0.15710698390521133
0.6255809701371969 0.15118938323210443
0.6769397089222338 0.15710698390521144
0.6255809701371969 0.15118938323210443
0.6769397089222338 0.15710698390521152
0.581617088455906 0.4147252807369973
0.5787555649183709 0.5357080151090748
0.581617088455906 0.41472528073699744
0.5787555649183709 0.5357080151090748
0.581617088455906 0.4147252807369973
0.5787555649183709 0.5357080151090748
0.581617088455906 0.4147252807369973
0.5787555649183708 0.5357080151090747
0.581617088455906 0.4147252807369973
0.5787555649183709 0.5357080151090748
0.5908892884808922 0.41345883347083556
0.5630639527325239 0.5409970334209769
0.5908892884808922 0.41345883347083556
0.5630639527325237 0.5409970334209769
0.5908892884808922 0.41345883347083556
0.5661861841418132 0.5470294163866959
0.5902402432636128 0.35646937427279746
0.5697942325564694 0.42893376906412245
0.5902402432636128 0.35646937427279746
0.5697942325564694 0.42893376906412245
0.5902402432636128 0.35646937427279746
0.5697942325564694 0.42893376906412245
0.5902402432636128 0.35646937427279746
0.5697942325564694 0.42893376906412256
0.581617088455906 0.4147252807369973
0.581785011670442 0.5441704893269429
0.581617088455906 0.4147252807369973
0.5817850116704419 0.5441704893269429
0.581617088455906 0.41472528073699727
0.5817850116704419 0.5441704893269429
0.581617088455906 0.4147252807369973
0.5817850116704419 0.5441704893269429
0.6255809701371969 0.15118938323210443
0.6470397106174215 0.12282787722085586
0.625580970137197 0.15118938323210443
0.6470397106174214 0.12282787722085599
0.625580970137197 0.15118938323210449
0.6470397106174214 0.12282787722085613
0.625580970137197 0.15118938323210449
0.6672607953867877 0.297262036575202
0.27528886402111563 0.30980576932959847
0.5309591681578351 0.2843292356090922
0.5387139784798819 0.42510348859639935
0.28506325194368815 0.3081398642840489
0.21231522373983158 0.5140249868560766
0.4019827670471563 0.30590099315819075
0.523605411769038 0.26427267208193117
0.5407280760583183 0.27586649555058507
0.8230138132706901 0.2809664314155631
0.30978308581192077 0.33999697443154697
0.30740414910547964 0.37367886484079516
0.7346434166018958 0.4784013942672394
0.2797271379049222 0.3118816618986568
0.4741505002288854 0.2806672902241124
0.47288333638415014 0.35836992442839016
0.2850632519436883 0.30813986428404894
0.41733773747194425 0.30104280977775283
0.42084794795723846 0.4809253824204825
0.6708625257770133 0.5087722357278923
0.28813815179861163 0.3016654680594859
0.31027643008053757 0.3448250862075935
0.2916112148918756 0.31347291070955813
0.4450121019038154 0.30600858211107823
0.42713236330089227 0.40620848742058696
0.4262453306843775 0.4077196106570755
0.2786826456129619 0.132526928863347
0.45949185450125984 0.3771314845645926
0.6403399339090399 0.5139358148545143
0.569895508022818 0.6168233957742049
0.40139582996934065 0.24786257002379186
0.4477720656812953 0.7492565169678215
0.1809745369694038 0.612400875649988
0.5768541860761144 0.5814536118293145
0.5511322607047945 0.5562058249316639
0.5447894443236637 0.6707914027145921
0.40424628372499427 0.6381576517215565
0.5791814311574115 0.5969014021980001
0.6657364763080816 0.5716513019705945
0.28506325194368826 0.30813986428404894
0.28506325194368826 0.30813986428404894
0.4151699953983108 0.261774284124358
0.4137655861240523 0.2596738086984301
0.7204468845371799 0.34279316188378434
0.6667345464597358 0.4001388014238712
0.5536813423494227 0.6340973931111739
0.5216938576084422 0.7583618816065053
0.52044192036525 0.7973768950091665
0.52044192036525 0.7973768950091665
0.6976693899067069 0.6186753522289853
0.6976693899067069 0.6186753522289853
0.26951278014831437 0.30067810839990533
0.26951278014831437 0.30067810839990533
0.35266324258807447 0.4486067666033197
0.3571281405027543 0.40816871919252273
0.2943661830576819 0.4640426609436328
0.29436618305768203 0.4640426609436325
